1
2020년 5월 7일
4조 1 4 6 2 1 3
2 7 8 2 3 9
2
2020년 5월 14일
2조 4 5 0 5 5 8
1 5 4 4 5 7
3
2020년 5월 21일
4조 5 4 4 9 5 3
0 5 9 3 6 9
4
2020년 5월 28일
4조 1 2 4 4 2 0
2 2 1 0 9 7
5
2020년 6월 4일
4조 7 5 4 6 5 5
1 9 0 7 7 9
6
2020년 6월 11일
5조 1 9 3 2 0 2
2 0 6 4 6 0
7
2020년 6월 18일
2조 5 9 7 0 9 3
4 8 2 5 9 5
8
2020년 6월 25일
4조 2 3 4 0 5 8
5 4 8 6 8 2
9
2020년 7월 2일
3조 1 3 3 5 1 0
2 1 3 2 4 0
10
2020년 7월 9일
2조 7 7 0 1 7 3
0 6 4 2 6 3
11
2020년 7월 16일
1조 8 6 7 6 5 4
4 8 5 5 3 0
12
2020년 7월 23일
5조 0 7 6 6 7 6
6 1 1 0 0 4
13
2020년 7월 30일
1조 6 6 9 2 4 5
8 8 0 0 8 9
14
2020년 8월 6일
3조 4 3 2 4 9 6
4 5 1 0 0 9
15
2020년 8월 13일
4조 4 7 7 2 3 8
1 4 6 2 8 2
16
2020년 8월 20일
4조 6 6 4 0 5 6
6 5 7 9 8 5
17
2020년 8월 27일
3조 3 1 7 2 2 7
0 3 1 7 0 8
18
2020년 9월 3일
1조 5 6 2 2 2 2
8 8 1 9 8 0
19
2020년 9월 10일
5조 8 5 9 2 1 0
4 1 1 9 3 6
20
2020년 9월 17일
1조 8 1 9 6 0 5
5 5 5 6 8 7
21
2020년 9월 24일
1조 2 3 9 9 3 7
5 5 2 3 1 7
22
2020년 10월 1일
1조 9 1 3 6 2 2
3 6 2 1 0 4
23
2020년 10월 8일
4조 1 5 8 0 7 1
7 2 6 9 9 0
24
2020년 10월 15일
2조 0 0 2 9 8 9
9 6 7 9 3 9
25
2020년 10월 22일
3조 4 6 3 6 3 7
3 8 6 7 5 0
26
2020년 10월 29일
3조 1 9 2 5 8 6
5 6 1 7 1 4
27
2020년 11월 5일
5조 4 1 2 0 0 8
9 6 7 1 4 2
28
2020년 11월 12일
5조 0 8 0 8 3 9
3 7 8 8 5 6
29
2020년 11월 19일
4조 3 5 5 1 9 2
1 2 6 0 7 8
30
2020년 11월 26일
3조 4 8 7 2 1 5
1 5 7 1 9 0
31
2020년 12월 3일
1조 7 7 1 5 9 8
9 9 7 8 6 3
32
2020년 12월 10일
1조 5 7 9 1 7 6
3 4 9 0 4 3
33
2020년 12월 17일
4조 5 9 6 2 1 9
6 4 1 6 8 7
34
2020년 12월 24일
4조 9 7 7 6 8 6
8 3 2 2 2 6
35
2020년 12월 31일
1조 5 4 2 4 5 4
1 1 6 4 2 3
36
2021년 1월 7일
4조 7 3 5 7 5 7
2 5 2 6 6 3
37
2021년 1월 14일
3조 4 5 3 8 8 7
4 6 6 5 6 6
38
2021년 1월 21일
3조 3 0 7 8 3 6
1 6 2 4 8 0
39
2021년 1월 28일
1조 1 9 9 1 3 7
3 2 0 7 1 8
40
2021년 2월 4일
2조 6 3 1 0 8 6
5 8 5 2 0 2
41
2021년 2월 11일
1조 7 4 2 7 1 4
6 9 8 3 3 5
42
2021년 2월 18일
4조 9 7 4 2 3 1
8 9 2 2 4 3
43
2021년 2월 25일
4조 5 8 9 8 3 9
8 9 0 5 4 6
44
2021년 3월 4일
3조 6 6 8 8 1 8
7 9 9 1 8 1
45
2021년 3월 11일
2조 3 1 8 7 5 4
4 9 4 2 2 1
46
2021년 3월 18일
4조 0 1 0 9 6 3
7 1 0 8 1 7
47
2021년 3월 25일
4조 9 4 1 3 2 7
5 2 4 4 9 9
48
2021년 4월 1일
1조 7 7 9 3 6 3
7 8 8 6 4 2
49
2021년 4월 8일
4조 3 0 5 2 4 8
1 9 1 2 3 5
50
2021년 4월 15일
3조 5 9 2 1 1 1
1 7 6 5 7 0
51
2021년 4월 22일
2조 5 1 0 0 1 2
0 8 8 1 8 5
52
2021년 4월 29일
2조 5 9 7 2 2 7
2 9 7 6 2 5
53
2021년 5월 6일
5조 6 4 9 0 3 8
5 8 0 3 5 7
54
2021년 5월 13일
5조 6 2 7 0 5 4
9 3 2 5 3 5
55
2021년 5월 20일
1조 4 7 7 8 7 9
4 9 5 7 1 9
56
2021년 5월 27일
1조 9 9 3 1 7 4
6 7 7 7 9 9
57
2021년 6월 3일
2조 2 7 2 2 8 6
2 3 0 2 9 5
58
2021년 6월 10일
5조 9 3 9 3 2 7
5 5 1 9 2 4
59
2021년 6월 17일
2조 1 5 9 0 5 6
9 7 3 5 2 1
60
2021년 6월 24일
5조 2 1 6 5 1 0
0 2 9 1 6 3
61
2021년 7월 1일
3조 5 7 5 8 6 2
6 0 2 6 1 0
62
2021년 7월 8일
4조 0 1 4 0 7 3
5 7 2 8 7 9
63
2021년 7월 15일
4조 3 3 5 2 2 6
7 9 1 1 8 1
64
2021년 7월 22일
5조 6 7 6 0 0 3
8 5 5 5 2 4
65
2021년 7월 29일
4조 7 3 2 3 7 5
0 2 0 3 2 1
66
2021년 8월 5일
4조 9 9 0 8 3 4
3 6 4 9 1 4
67
2021년 8월 12일
3조 8 0 7 5 3 1
1 3 7 5 6 0
68
2021년 8월 19일
5조 1 9 1 0 7 5
2 1 8 7 7 6
69
2021년 8월 26일
4조 7 7 5 5 3 0
0 3 3 3 8 5
70
2021년 9월 2일
1조 2 4 8 6 7 2
9 4 6 3 7 7
71
2021년 9월 9일
1조 1 5 9 4 8 6
8 8 1 9 3 8
72
2021년 9월 16일
2조 1 1 4 6 8 7
0 4 7 9 1 3
73
2021년 9월 23일
1조 5 0 1 0 2 6
2 2 2 2 4 7
74
2021년 9월 30일
2조 2 5 6 7 8 9
8 3 2 6 5 6
75
2021년 10월 7일
3조 6 5 8 3 4 0
7 6 6 1 0 3
76
2021년 10월 14일
1조 8 9 0 9 6 6
9 4 9 3 2 5
77
2021년 10월 21일
5조 4 3 6 3 0 5
2 9 4 6 9 3
78
2021년 10월 28일
2조 5 1 5 8 8 4
9 1 7 9 9 8
79
2021년 11월 4일
5조 4 0 8 3 7 9
0 6 7 0 8 4
80
2021년 11월 11일
1조 6 4 1 3 5 0
9 8 3 2 7 4
81
2021년 11월 18일
1조 9 7 1 5 1 1
6 0 0 1 3 9
82
2021년 11월 25일
4조 9 3 5 0 5 3
7 6 8 1 0 2
83
2021년 12월 2일
3조 1 3 6 1 2 8
8 0 6 7 9 4
84
2021년 12월 9일
4조 5 8 0 1 4 8
7 7 5 9 8 6
85
2021년 12월 16일
5조 3 3 8 4 0 7
1 6 7 7 5 0
86
2021년 12월 23일
5조 9 5 0 3 2 0
0 9 4 5 0 4
87
2021년 12월 30일
4조 7 4 9 4 9 2
5 1 1 9 5 5
88
2022년 1월 6일
2조 3 2 9 6 9 5
5 6 5 1 1 0
89
2022년 1월 13일
4조 5 8 5 4 4 9
1 0 6 0 5 0
90
2022년 1월 20일
5조 2 3 5 8 5 8
4 0 8 0 3 2
91
2022년 1월 27일
3조 5 8 6 0 5 4
5 5 4 7 1 0
92
2022년 2월 3일
4조 4 8 7 3 8 1
8 7 8 0 6 8
93
2022년 2월 10일
4조 1 8 0 2 4 9
8 3 1 8 9 4
94
2022년 2월 17일
1조 8 0 7 1 2 1
4 8 1 2 1 6
95
2022년 2월 24일
5조 8 4 1 3 3 1
9 9 7 3 0 9
96
2022년 3월 3일
2조 3 3 0 4 8 1
1 0 1 2 4 8
97
2022년 3월 10일
1조 7 8 3 6 8 8
3 9 7 7 1 2
98
2022년 3월 17일
4조 7 0 7 4 3 7
9 8 1 6 1 7
99
2022년 3월 24일
3조 2 0 2 9 9 7
6 6 0 2 7 6
100
2022년 3월 31일
4조 4 1 9 3 9 9
4 8 4 1 3 6
101
2022년 4월 7일
4조 0 6 8 5 6 1
6 5 6 2 6 7
102
2022년 4월 14일
3조 0 3 0 5 6 9
8 4 4 6 4 3
103
2022년 4월 21일
4조 7 8 6 2 7 6
7 6 3 4 4 3
104
2022년 4월 28일
2조 6 8 9 9 2 2
7 3 9 5 4 5
105
2022년 5월 5일
1조 1 8 0 5 0 6
0 5 1 6 3 0
106
2022년 5월 12일
5조 3 0 7 6 9 5
9 7 9 9 6 6
107
2022년 5월 19일
3조 1 9 2 7 0 5
8 9 6 6 5 9
108
2022년 5월 26일
3조 6 0 5 1 9 5
7 1 4 7 5 8
109
2022년 6월 2일
3조 1 6 4 1 1 5
6 7 3 8 7 6
110
2022년 6월 9일
5조 5 4 2 9 8 0
3 6 4 7 1 4
111
2022년 6월 16일
1조 3 9 3 5 8 8
5 4 3 8 2 2
112
2022년 6월 23일
3조 8 0 2 0 0 7
2 7 9 1 4 2
113
2022년 6월 30일
3조 2 4 8 8 5 5
4 5 8 6 9 3
114
2022년 7월 7일
2조 6 9 9 2 8 6
0 0 2 9 0 5
115
2022년 7월 14일
2조 7 4 9 0 6 3
7 3 8 6 8 7
116
2022년 7월 21일
2조 6 4 1 7 7 0
2 1 5 0 5 1
117
2022년 7월 28일
4조 2 6 9 1 1 7
3 4 9 9 0 0
118
2022년 8월 4일
1조 9 2 9 9 7 7
3 7 8 1 1 2
119
2022년 8월 11일
4조 0 8 8 2 5 7
4 8 4 2 6 6
120
2022년 8월 18일
2조 2 1 8 5 5 6
2 6 5 4 2 7
121
2022년 8월 25일
5조 4 4 4 5 2 0
9 3 9 5 0 4
122
2022년 9월 1일
1조 0 1 6 8 4 1
0 9 7 5 3 0
123
2022년 9월 8일
3조 9 3 8 4 2 3
8 9 4 9 5 3
124
2022년 9월 15일
5조 3 1 1 2 4 4
4 3 4 4 6 2
125
2022년 9월 22일
5조 8 4 5 9 3 0
0 1 0 8 1 2
126
2022년 9월 29일
5조 5 5 9 8 3 0
6 1 0 8 4 6
127
2022년 10월 6일
3조 9 0 5 6 5 8
6 0 0 7 2 6
128
2022년 10월 13일
3조 9 2 3 8 6 4
6 7 6 3 5 3
129
2022년 10월 20일
1조 6 1 9 0 0 3
1 6 0 8 4 5
130
2022년 10월 27일
3조 7 3 7 7 4 7
9 8 2 0 0 3
131
2022년 11월 3일
5조 8 5 2 2 6 5
0 5 4 6 0 0
132
2022년 11월 10일
1조 3 3 8 8 2 2
9 8 0 3 1 2
133
2022년 11월 17일
1조 1 0 7 5 2 3
4 6 4 6 9 3
134
2022년 11월 24일
1조 0 4 7 0 2 2
9 0 4 3 9 4
135
2022년 12월 1일
2조 4 0 0 8 7 6
4 8 0 1 7 9
136
2022년 12월 8일
5조 5 8 7 4 1 1
4 3 0 8 2 7
137
2022년 12월 15일
1조 8 7 3 7 8 4
6 0 9 7 9 5
138
2022년 12월 22일
1조 3 9 3 0 6 6
2 6 9 2 5 4
139
2022년 12월 29일
1조 2 0 1 6 8 8
0 5 6 9 6 0
140
2023년 1월 5일
4조 4 6 9 1 8 5
8 3 2 9 4 0
141
2023년 1월 12일
4조 8 9 5 3 5 2
6 8 6 2 2 1
142
2023년 1월 19일
2조 8 5 2 9 6 0
7 6 7 6 6 2
143
2023년 1월 26일
5조 4 5 9 9 7 9
9 3 3 8 8 8
144
2023년 2월 2일
5조 8 4 9 6 8 1
0 0 7 5 4 1
145
2023년 2월 9일
2조 2 2 1 1 1 1
1 0 3 7 1 4
146
2023년 2월 16일
1조 6 4 3 5 7 0
3 5 7 6 5 1
147
2023년 2월 23일
4조 8 3 8 3 8 0
7 0 8 6 7 3
148
2023년 3월 2일
1조 8 2 6 9 3 0
3 1 2 7 1 7
149
2023년 3월 9일
5조 3 7 8 2 9 6
0 4 2 5 2 1
150
2023년 3월 16일
3조 3 6 5 3 4 3
5 1 2 1 3 4
151
2023년 3월 23일
4조 2 5 6 5 0 2
8 8 4 6 8 8
152
2023년 3월 30일
3조 9 0 5 5 3 1
7 8 7 8 3 6
153
2023년 4월 6일
1조 9 7 7 0 3 8
4 5 5 3 9 9
154
2023년 4월 13일
3조 8 2 6 3 9 3
7 1 0 2 1 2
155
2023년 4월 20일
4조 7 3 9 5 8 6
5 1 2 3 7 6
156
2023년 4월 27일
1조 0 7 1 7 1 2
7 7 1 3 9 0
157
2023년 5월 4일
1조 2 4 3 4 3 0
8 1 6 5 8 0
158
2023년 5월 11일
2조 3 5 7 5 8 6
1 7 7 5 5 5
159
2023년 5월 18일
3조 8 4 6 5 8 1
9 5 7 5 7 4
160
2023년 5월 25일
5조 4 4 0 2 8 6
8 5 6 5 6 1
161
2023년 6월 1일
3조 0 5 5 8 3 8
0 4 9 1 4 0
162
2023년 6월 8일
2조 8 0 2 4 9 3
2 1 6 3 6 3
163
2023년 6월 15일
1조 7 1 1 0 6 7
1 0 2 8 6 5
164
2023년 6월 22일
1조 9 7 2 3 4 9
9 9 1 5 1 5
165
2023년 6월 29일
1조 7 1 8 2 7 3
9 1 0 0 4 1
166
2023년 7월 6일
4조 3 4 2 1 0 3
3 8 2 9 5 6
167
2023년 7월 13일
3조 4 7 5 0 1 6
2 9 7 6 1 5
168
2023년 7월 20일
2조 9 7 0 7 3 1
5 4 1 2 3 7
169
2023년 7월 27일
3조 9 2 4 7 4 8
5 8 8 0 5 0
170
2023년 8월 3일
2조 9 6 5 1 7 8
0 3 7 2 6 2
171
2023년 8월 10일
2조 8 4 4 5 7 8
7 3 5 2 8 4
172
2023년 8월 17일
1조 0 9 2 1 3 8
6 6 8 1 8 3
173
2023년 8월 24일
3조 8 0 3 7 5 7
6 8 9 9 7 0
174
2023년 8월 31일
2조 8 7 6 0 2 1
3 0 3 1 3 4
175
2023년 9월 7일
5조 7 6 5 7 4 0
8 8 5 8 2 4
176
2023년 9월 14일
3조 8 5 8 9 5 2
3 7 6 1 7 0
177
2023년 9월 21일
3조 1 0 5 9 4 8
2 6 9 3 1 3
178
2023년 9월 28일
3조 0 0 4 6 8 7
2 1 2 7 0 1
179
2023년 10월 5일
2조 9 4 7 1 7 6
4 2 9 1 8 9
180
2023년 10월 12일
3조 8 3 6 8 3 8
3 4 9 5 0 4
181
2023년 10월 19일
3조 5 5 0 1 0 4
1 1 5 4 7 4
182
2023년 10월 26일
1조 9 9 3 7 5 0
7 7 2 4 2 7
183
2023년 11월 2일
4조 3 2 1 4 2 3
3 0 6 6 3 3
184
2023년 11월 9일
3조 6 4 6 3 6 2
4 4 3 3 1 7
185
2023년 11월 16일
4조 5 7 7 4 1 8
6 2 8 2 6 6
186
2023년 11월 23일
5조 6 1 6 8 1 4
2 1 2 2 5 0
187
2023년 11월 30일
5조 2 0 0 4 7 3
8 0 9 7 9 7
188
2023년 12월 7일
5조 5 0 2 5 2 2
9 5 7 4 6 0
189
2023년 12월 14일
4조 4 6 6 5 5 7
2 1 2 3 7 2
190
2023년 12월 21일
2조 8 5 0 3 6 5
7 3 0 4 6 2
191
2023년 12월 28일
4조 2 9 6 4 3 0
8 8 3 6 5 4
192
2024년 1월 4일
2조 0 3 4 2 1 0
7 1 8 7 1 5
193
2024년 1월 11일
2조 4 9 1 9 0 5
4 5 4 1 8 5
194
2024년 1월 18일
5조 4 6 1 1 0 2
8 4 0 4 2 3
195
2024년 1월 25일
4조 5 3 1 3 0 7
1 1 8 6 9 3
196
2024년 2월 1일
4조 1 1 3 3 9 3
3 4 9 0 7 8
197
2024년 2월 8일
4조 9 6 6 6 1 6
2 0 0 8 6 1
198
2024년 2월 15일
2조 4 8 7 8 0 3
6 2 0 1 2 5
199
2024년 2월 22일
4조 1 0 3 6 3 3
1 7 5 7 0 9
200
2024년 2월 29일
5조 1 4 6 3 6 2
2 6 0 0 5 4
201
2024년 3월 7일
1조 4 7 2 6 7 5
5 5 1 7 4 5
202
2024년 3월 14일
2조 4 1 9 0 9 3
1 9 3 7 7 8
203
2024년 3월 21일
3조 4 5 3 0 6 4
1 7 8 8 2 4
204
2024년 3월 28일
5조 7 5 6 3 9 7
7 3 8 0 7 2
205
2024년 4월 4일
1조 4 7 2 3 7 7
9 3 5 4 7 1
206
2024년 4월 11일
3조 4 8 9 0 7 5
5 8 7 6 9 5
207
2024년 4월 18일
3조 2 1 1 9 8 8
3 9 6 5 4 0
208
2024년 4월 25일
1조 8 7 9 8 2 9
0 3 9 6 3 6
209
2024년 5월 2일
4조 9 9 8 7 5 0
1 3 5 1 8 8
210
2024년 5월 9일
3조 0 4 0 6 6 2
9 4 1 4 1 9
211
2024년 5월 16일
1조 9 6 0 5 5 4
3 2 7 7 9 3
212
2024년 5월 23일
2조 1 1 1 9 1 5
4 8 1 2 4 0
213
2024년 5월 30일
1조 1 5 6 0 4 9
1 6 4 9 4 7
214
2024년 6월 6일
1조 7 1 8 7 6 6
0 8 7 5 4 7
215
2024년 6월 13일
1조 8 4 9 5 7 2
3 5 4 1 2 9
216
2024년 6월 20일
5조 3 2 6 1 1 7
2 4 8 8 4 1
217
2024년 6월 27일
5조 8 1 7 5 0 9
0 6 0 7 1 7
218
2024년 7월 4일
5조 2 6 3 3 3 8
8 8 5 9 2 4
219
2024년 7월 11일
5조 4 2 5 4 8 3
4 0 0 1 5 5
220
2024년 7월 18일
4조 4 4 4 7 3 9
1 7 1 4 8 1
221
2024년 7월 25일
5조 1 3 1 3 4 7
0 6 4 2 0 0
222
2024년 8월 1일
5조 0 5 8 6 2 7
6 5 1 3 1 1
223
2024년 8월 8일
5조 2 7 9 8 9 5
3 9 4 4 5 3
224
2024년 8월 15일
4조 9 3 8 7 6 3
7 6 0 1 4 5
225
2024년 8월 22일
3조 2 4 5 9 1 4
2 5 6 3 4 7
226
2024년 8월 29일
1조 5 0 2 2 7 5
9 4 0 1 1 9
227
2024년 9월 5일
5조 0 6 8 5 1 6
9 8 9 8 9 0
228
2024년 9월 12일
4조 1 2 7 3 1 7
9 0 6 4 1 5
229
2024년 9월 19일
1조 4 4 1 5 1 0
2 3 1 8 1 8
230
2024년 9월 26일
2조 8 1 7 2 0 9
1 2 7 7 0 1
231
2024년 10월 3일
3조 6 6 0 6 2 1
4 7 6 2 2 0
232
2024년 10월 10일
1조 8 6 8 4 7 6
1 1 7 3 4 2
233
2024년 10월 17일
4조 3 7 8 8 6 8
3 3 6 8 9 9
234
2024년 10월 24일
4조 6 5 8 3 7 3
2 4 0 6 6 2
235
2024년 10월 31일
4조 8 1 7 1 4 8
3 4 9 4 5 8
236
2024년 11월 7일
4조 4 4 4 4 3 1
8 7 4 2 5 8